1000 REM ****************************
1010 REM ** MUSIQUE DE PRESENTAION **
1020 REM ****************************
1030 REM
1040 ENV 1,11,47,8
1050 FOR I=1 TO 239:READ A,B,C
1060 SOUND A,B,C/6*10,12,1:NEXT
1070 DATA 33,71,60,12,142,60,33,80,6,12,159,6,33,89,6,12,179,6
1080 DATA 33,95,6,12,190,6,33,106,6,12,213,6,33,113,12,12,225,12
1090 DATA 33,106,96,12,213,96,33,142,60,12,284,60,33,190,12,12,379,12
1100 DATA 33,179,12,12,358,12,33,225,12,12,451,12,33,213,96,12,426,96
1110 DATA 33,284,60,12,568,60,33,319,6,12,638,6,33,358,6,12,716,6
1120 DATA 33,379,6,12,758,6,33,426,6,12,851,6,33,451,12,12,902,12
1130 DATA 33,426,60,12,851,60,5,142,8,5,159,8,5,142,8
1140 DATA 5,179,8,5,142,8,5,190,8,5,142,8
1150 DATA 5,213,8,5,142,8,5,225,8,5,142,8
1160 DATA 5,213,8,5,142,8,5,190,8,5,142,8
1170 DATA 5,179,8,5,142,8,5,284,8,5,142,8
1180 DATA 5,253,8,5,142,8,5,225,8,5,142,8
1190 DATA 5,213,8,5,142,8,5,225,8,5,142,8
1200 DATA 5,213,8,5,142,8,5,190,8,5,142,8
1210 DATA 5,179,8,33,179,8,12,106,8,33,169,16,12,119,8,4,106,8
1220 DATA 33,159,16,12,134,8,4,106,8,33,239,16,12,142,8,4,106,8
1230 DATA 33,268,16,12,159,8,4,106,8,33,284,16,12,169,8,4,106,8
1240 DATA 33,268,16,12,159,8,4,106,8,33,239,16,12,142,8,4,106,8
1250 DATA 33,213,16,12,134,8,4,106,8,33,338,16,12,213,8,4,106,8
1260 DATA 33,319,16,12,190,8,4,106,8,33,284,16,12,169,8,4,106,8
1270 DATA 33,268,16,12,159,8,4,106,8,33,284,16,12,169,8,4,106,8
1280 DATA 33,268,16,12,159,8,4,106,8,33,338,16,12,142,8,4,106,8
1290 DATA 33,319,8,12,134,8,5,159,8,33,319,8,12,106,8,5,159,8
1300 DATA 33,213,8,12,134,8,5,159,8,33,213,8,12,106,8,5,159,8
1310 DATA 33,239,8,12,100,8,5,201,8,33,239,8,12,159,8,5,159,8
1320 DATA 33,239,8,12,100,8,5,201,8,33,239,8,12,159,8,5,201,8
1330 DATA 33,239,8,12,119,8,5,179,8,33,239,8,12,142,8,5,179,8
1340 DATA 33,239,8,12,119,8,5,179,8,33,239,8,12,142,8,5,179,8
1350 DATA 33,268,8,12,106,8,5,213,8,33,268,8,12,179,8,5,213,8
1360 DATA 33,268,8,12,106,8,5,213,8,33,268,8,12,179,8,5,213,8
1370 DATA 33,268,8,12,134,8,5,190,8,33,268,8,12,159,8,5,190,8
1380 DATA 33,268,8,12,134,8,5,190,8,33,268,8,12,159,8,5,190,8
1390 DATA 33,284,8,12,113,8,5,225,8,33,284,8,12,190,8,5,225,8
1400 DATA 33,284,8,12,113,8,5,225,8,33,284,8,12,190,8,5,225,8
1410 DATA 33,358,8,12,142,8,5,213,8,33,358,8,12,179,8,5,213,8
1420 DATA 33,358,8,12,142,8,5,213,8,33,358,8,12,179,8,5,213,8
1430 DATA 33,379,8,12,159,8,5,268,8,33,379,8,12,225,8,5,268,8
1440 DATA 33,379,8,12,159,8,5,268,8,33,379,8,12,225,8,5,268,8
1450 DATA 33,426,8,12,179,8,5,284,8,33,426,8,12,213,8,5,284,8
1460 DATA 33,426,8,12,179,8,5,284,8,33,426,8,12,213,8,5,284,8
1470 DATA 33,379,8,12,190,8,5,319,8,33,379,8,12,268,8,5,319,8
1480 DATA 33,379,8,12,190,8,5,319,8,33,379,8,12,268,8,5,319,8
1490 DATA 33,426,60,12,213,60
9999 END
10000 MEMORY&8000:AD=&8980:FOR I=1 TO 239
10010 READ A,B,C:C=C/6*10
10020 POKE AD,A:POKE AD+1,B-INT(B/256)*256:POKE AD+2,INT(B/256):POKE AD+3,C
10030 AD=AD+4:NEXT
