1000 REM *************************
1010 REM ** MUSIQUE DE VICTOIRE **
1020 REM *************************
1030 REM
1040 FOR I=1 TO 196:READ A,B,C
1050 SOUND A,B,C/21*18,7:NEXT
1060 DATA 33,284,210,12,284,21,4,142,21,4,119,21,4,142,21
1070 DATA 4,95,21,4,142,21,4,119,21,4,142,21
1080 DATA 4,284,21,4,142,21,33,253,42,12,253,21,4,142,21
1090 DATA 33,239,42,12,239,21,4,142,21,33,284,42,12,284,21,4,142,21
1100 DATA 33,213,210,12,213,21,4,142,21,4,106,21,4,142,21
1110 DATA 4,89,21,4,142,21,4,106,21,4,142,21
1120 DATA 4,213,21,4,142,21,33,190,42,12,190,21,4,142,21
1130 DATA 33,179,42,12,179,21,4,142,21,33,213,42,12,213,21,4,142,21
1140 DATA 33,190,210,12,190,21,4,150,21,4,127,21,4,150,21
1150 DATA 4,95,21,4,150,21,4,127,21,4,150,21
1160 DATA 4,190,21,4,150,21,33,179,42,12,179,21,4,150,21
1170 DATA 33,190,42,12,190,21,4,150,21,33,213,42,12,213,21,4,150,21
1180 DATA 33,239,168,12,239,21,4,142,21,4,119,21,4,142,21
1190 DATA 4,95,21,4,142,21,4,119,21,4,142,21
1200 DATA 33,253,168,12,253,21,4,150,21,4,106,21,4,150,21
1210 DATA 4,95,21,4,150,21,4,106,21,4,150,21
1220 DATA 33,284,210,12,284,21,4,142,21,4,119,21,4,142,21
1230 DATA 4,95,21,4,142,21,4,119,21,4,142,21
1240 DATA 4,284,21,4,142,21,33,253,42,12,253,21,4,142,21
1250 DATA 33,239,42,12,239,21,4,142,21,33,284,42,12,284,21,4,142,21
1260 DATA 33,213,210,12,213,21,4,142,21,4,106,21,4,142,21
1270 DATA 4,89,21,4,142,21,4,106,21,4,142,21
1280 DATA 4,213,21,4,142,21,33,190,42,12,190,21,4,142,21
1290 DATA 33,179,42,12,179,21,4,142,21,33,213,42,12,213,21,4,142,21
1300 DATA 33,190,168,12,190,21,4,142,21,4,119,21,4,142,21
1310 DATA 4,95,21,4,142,21,4,119,21,4,142,21
1320 DATA 33,379,168,12,379,21,4,142,21,4,119,21,4,142,21
1330 DATA 4,95,21,4,142,21,4,119,21,4,142,21
1340 DATA 33,190,168,12,190,21,4,142,21,4,127,21,4,142,21
1350 DATA 4,95,21,4,142,21,4,127,21,4,142,21
1360 DATA 33,379,168,12,379,21,4,150,21,4,127,21,4,150,21
1370 DATA 4,95,21,4,150,21,4,127,21,4,150,21
1380 DATA 33,284,84,12,284,21,4,142,21,4,119,21,4,95,21
1390 DATA 33,379,84,12,379,21,4,150,21,4,106,21,4,95,21
1400 DATA 33,284,84,12,284,21,4,142,21,4,119,21,4,95,21
1410 DATA 33,379,84,12,379,21,4,150,21,4,127,21,4,95,21
1420 DATA 33,284,84,12,284,21,4,142,21,4,119,21,4,95,21
1430 DATA 33,379,84,12,379,21,4,150,21,4,106,21,4,95,21
1440 DATA 33,284,84,12,284,21,4,142,21,4,119,21,4,95,21
1450 DATA 33,379,84,12,379,21,4,150,21,4,127,21,4,95,21
1460 DATA 33,284,168,12,142,168
9999 END
10000 MEMORY&8000:AD=&8D3F:FOR I=1 TO 196
10010 READ A,B,C:C=C/21*18
10020 POKE AD,A:POKE AD+1,B-INT(B/256)*256:POKE AD+2,INT(B/256):POKE AD+3,C
10030 AD=AD+4:NEXT
