1000 REM *********************
1010 REM ** MUSIQUE DE MORT **
1020 REM *********************
1030 REM
1040 ENV 1,3,47,4,12,47,50
1050 ENV 2,10,47,4
1060 FOR I=1 TO 80:READ A,B,C
1070 IF RIGHT$(BIN$(A),1)="1" THEN E=2:V=10:ELSE E=1:V=15
1080 SOUND A,B,C*1.5,V,E:NEXT
1090 DATA 42,426,128,21,71,16
1100 DATA 5,80,16
1110 DATA 5,89,16
1120 DATA 5,80,16
1130 DATA 5,71,16
1140 DATA 5,106,16
1150 DATA 5,95,16
1160 DATA 5,89,16
1170 DATA 42,451,144,21,95,16
1180 DATA 5,71,16
1190 DATA 5,95,16
1200 DATA 5,113,16
1210 DATA 5,95,16
1220 DATA 5,113,16
1230 DATA 5,142,16
1240 DATA 5,71,16
1250 DATA 5,80,16
1260 DATA 42,426,144,21,84,16
1270 DATA 5,80,16
1280 DATA 5,71,16
1290 DATA 5,106,16
1300 DATA 5,95,16
1310 DATA 5,84,16
1320 DATA 5,142,16
1330 DATA 5,134,16
1340 DATA 5,119,16
1350 DATA 42,638,144,21,134,16
1360 DATA 5,119,16
1370 DATA 5,106,16
1380 DATA 5,159,16
1390 DATA 5,67,16
1400 DATA 5,71,16
1410 DATA 5,80,16
1420 DATA 5,71,16
1430 DATA 5,67,16
1440 DATA 42,478,144,21,95,16
1450 DATA 5,89,16
1460 DATA 5,80,16
1470 DATA 5,119,16
1480 DATA 5,106,16
1490 DATA 5,95,16
1500 DATA 5,159,16
1510 DATA 5,142,16
1520 DATA 5,134,16
1530 DATA 42,716,96,21,142,16
1540 DATA 5,134,16
1550 DATA 5,119,16
1560 DATA 5,106,16
1570 DATA 5,95,16
1580 DATA 5,89,16
1590 DATA 42,638,48,21,95,16
1600 DATA 5,89,16
1610 DATA 5,80,16
1620 DATA 42,568,48,21,142,16
1630 DATA 5,159,16
1640 DATA 5,179,16
1650 DATA 42,638,48,21,190,16
1660 DATA 5,95,16
1670 DATA 5,106,16
1680 DATA 42,568,48,21,113,16
1690 DATA 5,127,16
1700 DATA 5,113,16
1710 DATA 42,426,144,21,106,16
1720 DATA 5,142,16
1730 DATA 5,159,16
1740 DATA 5,179,16
1750 DATA 5,159,16
1760 DATA 5,142,16
1770 DATA 5,213,48
9999 END
10000 MEMORY&5400:AD=&56A0:FOR I=1 TO 80
10010 READ A,B,C:C=C*1.5
10020 POKE AD,A:POKE AD+1,B-INT(B/256)*256:POKE AD+2,INT(B/256):POKE AD+3,C
10030 AD=AD+4:NEXT
